V 54
K 1
D 0 -762000 2286000 0
Y 1
U 1905000 762000 254000 0 2 3 REFDES=S?
U 1905000 508000 254000 0 2 3 DEVICE=RM106772BCB
U 1905000 254000 254000 0 2 0 PKG_TYPE=RM106772BCB
U 1905000 0 254000 0 2 0 Description=Rotary Switches .2A 48VDC 6pos Stop 7.7mm Act 270gf
U 1905000 -254000 254000 0 2 0 Datasheet Link=https://www.digikey.ph/en/products/detail/c-k/RM106772BCB/6052015
U 1905000 -508000 254000 0 2 0 Height=15.1
U 1905000 -762000 254000 0 2 0 Mouser Part Number=611-RM106772BCB
U 1905000 -1016000 254000 0 2 0 Mouser Price/Stock=https://www.mouser.co.uk/ProductDetail/CK/RM106772BCB?qs=367PjNmvCmlxoAu0%2F1HoEg%3D%3D
U 1905000 -1270000 254000 0 2 0 Manufacturer_Name=LITTELFUSE
U 1905000 -1524000 254000 0 2 0 Manufacturer_Part_Number=RM106772BCB
U 0 0 254000 0 1 0 FORWARD_PCB=1
l 5 508000 254000 1778000 254000 1778000 -1016000 508000 -1016000 508000 254000
|GRPHSTL -1 -1 -1 1
P 1 0 0 508000 0 0 2 0
L 584200 0 228600 0 2 0 1 0 1
A 355600 50800 203200 0 9 3 #=1
A 0 0 9 0 3 0 PINTYPE=BI
P 2 0 -254000 508000 -254000 0 2 0
L 584200 -254000 228600 0 2 0 1 0 2
A 355600 -203200 203200 0 9 3 #=2
A 0 0 9 0 3 0 PINTYPE=BI
P 3 0 -508000 508000 -508000 0 2 0
L 584200 -508000 228600 0 2 0 1 0 3
A 355600 -457200 203200 0 9 3 #=3
A 0 0 9 0 3 0 PINTYPE=BI
P 4 0 -762000 508000 -762000 0 2 0
L 584200 -762000 228600 0 2 0 1 0 4
A 355600 -711200 203200 0 9 3 #=4
A 0 0 9 0 3 0 PINTYPE=BI
P 5 2286000 0 1778000 0 0 3 0
L 1701800 0 228600 0 8 0 1 0 5
A 1930400 50800 203200 0 3 3 #=5
A 0 0 9 0 3 0 PINTYPE=BI
P 6 2286000 -254000 1778000 -254000 0 3 0
L 1701800 -254000 228600 0 8 0 1 0 6
A 1930400 -203200 203200 0 3 3 #=6
A 0 0 9 0 3 0 PINTYPE=BI
P 7 2286000 -508000 1778000 -508000 0 3 0
L 1701800 -508000 228600 0 8 0 1 0 7
A 1930400 -457200 203200 0 3 3 #=7
A 0 0 9 0 3 0 PINTYPE=BI
P 8 2286000 -762000 1778000 -762000 0 3 0
L 1701800 -762000 228600 0 8 0 1 0 C1
A 1930400 -711200 203200 0 3 3 #=C1
A 0 0 9 0 3 0 PINTYPE=BI
E
