V 54
K 1
D 0 -1524000 3302000 0
Y 1
U 2921000 762000 254000 0 2 3 REFDES=VR?
U 2921000 508000 254000 0 2 3 DEVICE=COM-16273
U 2921000 254000 254000 0 2 0 PKG_TYPE=COM16273
U 2921000 0 254000 0 2 0 Description=Joystick, 2 - Axis Analog (Resistive) Output
U 2921000 -254000 254000 0 2 0 Datasheet Link=https://cdn.sparkfun.com/assets/f/e/3/8/0/3D16A1N-T-50___________.pdf
U 2921000 -508000 254000 0 2 0 Height=19.5
U 2921000 -762000 254000 0 2 0 Mouser Part Number=474-COM-16273
U 2921000 -1016000 254000 0 2 0 Mouser Price/Stock=https://www.mouser.co.uk/ProductDetail/SparkFun/COM-16273?qs=DPoM0jnrROWh8LlDtBljIg%3D%3D
U 2921000 -1270000 254000 0 2 0 Manufacturer_Name=SparkFun
U 2921000 -1524000 254000 0 2 0 Manufacturer_Part_Number=COM-16273
U 0 0 254000 0 1 0 FORWARD_PCB=1
l 5 508000 254000 2794000 254000 2794000 -1778000 508000 -1778000 508000 254000
|GRPHSTL -1 -1 -1 1
P 1 0 0 508000 0 0 2 0
L 584200 0 228600 0 2 0 1 0 CCW1
A 355600 50800 203200 0 9 3 #=1
A 0 0 9 0 3 0 PINTYPE=BI
P 2 0 -254000 508000 -254000 0 2 0
L 584200 -254000 228600 0 2 0 1 0 WIPER1
A 355600 -203200 203200 0 9 3 #=2
A 0 0 9 0 3 0 PINTYPE=BI
P 3 0 -508000 508000 -508000 0 2 0
L 584200 -508000 228600 0 2 0 1 0 CW1
A 355600 -457200 203200 0 9 3 #=3
A 0 0 9 0 3 0 PINTYPE=BI
P 4 0 -762000 508000 -762000 0 2 0
L 584200 -762000 228600 0 2 0 1 0 CCW2
A 355600 -711200 203200 0 9 3 #=4
A 0 0 9 0 3 0 PINTYPE=BI
P 5 0 -1016000 508000 -1016000 0 2 0
L 584200 -1016000 228600 0 2 0 1 0 WIPER2
A 355600 -965200 203200 0 9 3 #=5
A 0 0 9 0 3 0 PINTYPE=BI
P 6 0 -1270000 508000 -1270000 0 2 0
L 584200 -1270000 228600 0 2 0 1 0 CW2
A 355600 -1219200 203200 0 9 3 #=6
A 0 0 9 0 3 0 PINTYPE=BI
P 7 0 -1524000 508000 -1524000 0 2 0
L 584200 -1524000 228600 0 2 0 1 0 MH1
A 355600 -1473200 203200 0 9 3 #=7
A 0 0 9 0 3 0 PINTYPE=BI
P 8 3302000 0 2794000 0 0 3 0
L 2717800 0 228600 0 8 0 1 0 MH2
A 2946400 50800 203200 0 3 3 #=8
A 0 0 9 0 3 0 PINTYPE=BI
P 9 3302000 -254000 2794000 -254000 0 3 0
L 2717800 -254000 228600 0 8 0 1 0 MH3
A 2946400 -203200 203200 0 3 3 #=9
A 0 0 9 0 3 0 PINTYPE=BI
P 10 3302000 -508000 2794000 -508000 0 3 0
L 2717800 -508000 228600 0 8 0 1 0 MH4
A 2946400 -457200 203200 0 3 3 #=10
A 0 0 9 0 3 0 PINTYPE=BI
P 11 3302000 -762000 2794000 -762000 0 3 0
L 2717800 -762000 228600 0 8 0 1 0 COM_1
A 2946400 -711200 203200 0 3 3 #=S1
A 0 0 9 0 3 0 PINTYPE=BI
P 12 3302000 -1016000 2794000 -1016000 0 3 0
L 2717800 -1016000 228600 0 8 0 1 0 COM_2
A 2946400 -965200 203200 0 3 3 #=S2
A 0 0 9 0 3 0 PINTYPE=BI
P 13 3302000 -1270000 2794000 -1270000 0 3 0
L 2717800 -1270000 228600 0 8 0 1 0 NO_1
A 2946400 -1219200 203200 0 3 3 #=S3
A 0 0 9 0 3 0 PINTYPE=BI
P 14 3302000 -1524000 2794000 -1524000 0 3 0
L 2717800 -1524000 228600 0 8 0 1 0 NO_2
A 2946400 -1473200 203200 0 3 3 #=S4
A 0 0 9 0 3 0 PINTYPE=BI
E
